start=737.000000
volume=28.000000
