start=1670.773000
volume=42.000000
