start=886.753000
pause=yes
volume=32.000000
